>NWGGGTGTGGCY	EKLF(Zf)/Erythrocyte-Klf1-ChIP-Seq(GSE20478)/Homer	9.250875	-440.518430	0	T:2509.0(19.64%),B:4011.1(10.74%),P:1e-191
0.268	0.306	0.230	0.195
0.402	0.001	0.051	0.546
0.001	0.001	0.997	0.001
0.001	0.001	0.997	0.001
0.001	0.001	0.997	0.001
0.035	0.049	0.001	0.915
0.001	0.001	0.997	0.001
0.001	0.001	0.155	0.843
0.001	0.001	0.997	0.001
0.047	0.054	0.782	0.117
0.039	0.629	0.024	0.308
0.168	0.411	0.067	0.354
>NRGCCCCRCCCHBNN	KLF3(Zf)/MEF-Klf3-ChIP-Seq(GSE44748)/Homer	5.505277	-281.485399	0	T:3841.0(30.07%),B:7909.5(21.17%),P:1e-122
0.223	0.264	0.217	0.295
0.255	0.211	0.371	0.163
0.385	0.001	0.613	0.001
0.001	0.997	0.001	0.001
0.001	0.716	0.001	0.282
0.408	0.590	0.001	0.001
0.001	0.997	0.001	0.001
0.521	0.001	0.477	0.001
0.001	0.997	0.001	0.001
0.001	0.997	0.001	0.001
0.001	0.997	0.001	0.001
0.308	0.327	0.001	0.364
0.170	0.327	0.217	0.286
0.198	0.258	0.283	0.261
0.223	0.302	0.245	0.230
>GCCACACCCA	Klf4(Zf)/mES-Klf4-ChIP-Seq(GSE11431)/Homer	7.333962	-300.790233	0	T:3505.0(27.44%),B:6950.1(18.61%),P:1e-130
0.163	0.004	0.827	0.006
0.061	0.908	0.014	0.017
0.001	0.994	0.001	0.004
0.859	0.132	0.008	0.001
0.001	0.997	0.001	0.001
0.855	0.001	0.143	0.001
0.001	0.997	0.001	0.001
0.001	0.997	0.001	0.001
0.001	0.997	0.001	0.001
0.764	0.083	0.006	0.147
>DGGGYGKGGC	KLF5(Zf)/LoVo-KLF5-ChIP-Seq(GSE49402)/Homer	6.670095	-180.106006	0	T:7173.0(56.15%),B:17874.1(47.85%),P:1e-78
0.364	0.055	0.224	0.357
0.116	0.001	0.882	0.001
0.001	0.001	0.997	0.001
0.001	0.001	0.997	0.001
0.081	0.428	0.001	0.490
0.015	0.001	0.972	0.012
0.046	0.023	0.405	0.526
0.055	0.001	0.922	0.022
0.062	0.060	0.694	0.184
0.077	0.756	0.019	0.148
>MKGGGYGTGGCC	KLF6(Zf)/PDAC-KLF6-ChIP-Seq(GSE64557)/Homer	5.447608	-225.049407	0	T:6205.0(48.58%),B:14712.5(39.39%),P:1e-97
0.316	0.453	0.101	0.130
0.195	0.001	0.377	0.427
0.001	0.001	0.997	0.001
0.001	0.001	0.997	0.001
0.001	0.001	0.997	0.001
0.072	0.494	0.001	0.433
0.001	0.001	0.997	0.001
0.001	0.021	0.359	0.619
0.001	0.001	0.912	0.086
0.008	0.059	0.805	0.128
0.001	0.919	0.001	0.079
0.149	0.505	0.088	0.258
>GCCACRCCCACY	Klf9(Zf)/GBM-Klf9-ChIP-Seq(GSE62211)/Homer	7.935079	-135.728145	0	T:2557.0(20.02%),B:5489.7(14.70%),P:1e-58
0.120	0.024	0.833	0.023
0.112	0.819	0.043	0.026
0.005	0.990	0.001	0.004
0.794	0.191	0.012	0.003
0.005	0.990	0.002	0.003
0.428	0.001	0.528	0.043
0.002	0.996	0.001	0.001
0.001	0.995	0.003	0.001
0.001	0.982	0.001	0.016
0.701	0.261	0.001	0.037
0.009	0.906	0.020	0.065
0.127	0.362	0.047	0.465
>GGGGGTGTGTCC	KLF10(Zf)/HEK293-KLF10.GFP-ChIP-Seq(GSE58341)/Homer	6.719663	-165.992976	0	T:3688.0(28.87%),B:8234.3(22.04%),P:1e-72
0.152	0.060	0.787	0.001
0.075	0.001	0.678	0.246
0.030	0.001	0.939	0.030
0.001	0.001	0.962	0.036
0.001	0.001	0.997	0.001
0.001	0.230	0.001	0.768
0.001	0.001	0.997	0.001
0.001	0.001	0.010	0.988
0.001	0.001	0.997	0.001
0.061	0.001	0.314	0.624
0.056	0.671	0.178	0.095
0.080	0.588	0.098	0.234
>RGKGGGCGKGGC	KLF14(Zf)/HEK293-KLF14.GFP-ChIP-Seq(GSE58341)/Homer	6.330528	-79.745061	0	T:5674.0(70.62%),B:27286.3(64.11%),P:1e-34
0.343	0.076	0.426	0.155
0.169	0.049	0.747	0.035
0.086	0.008	0.420	0.485
0.027	0.009	0.963	0.001
0.001	0.001	0.997	0.001
0.001	0.001	0.997	0.001
0.141	0.628	0.001	0.230
0.026	0.001	0.968	0.005
0.003	0.006	0.499	0.492
0.166	0.016	0.765	0.053
0.214	0.121	0.586	0.079
0.073	0.579	0.181	0.167
